4 -37.1154 20.6566
4 -43.2089 15.4336
4 -54.4616 23.9367
4 -32.8521 19.7261
4 -54.2923 17.8553
4 -39.1421 20.5168
4 -49.8763 15.7182
4 -52.7245 15.9889
4 -34.3032 18.6948
4 -36.7502 12.9034
4 -36.2051 13.1315
4 -46.6087 19.2739
4 -35.7516 11.8196
4 -42.4534 13.9208
4 -51.2748 17.1459
4 -49.8612 19.813
4 -49.3996 15.0234
4 -31.617 20.7477
4 -40.2398 18.636
4 -54.4908 17.9986
4 -52.4841 15.8466
4 -43.4595 16.7707
4 -33.5032 19.2798
4 -34.4894 18.7475
4 -32.8938 19.8065
4 -35.0823 17.035
3 -34.4287 17.935
4 -54.59 22.7366
4 -37.594 15.8258
4 -43.4902 14.0284
4 -36.0422 16.6734
3 -47.3676 14.8621
4 -52.182 15.3476
4 -42.174 18.9493
4 -38.5959 17.1703
4 -52.3652 16.0496
4 -54.1417 18.6057
3 -33.9307 17.5951
4 -42.6969 17.2109
4 -35.6903 11.9572
4 -36.4038 12.1862
4 -43.8464 13.6908
4 -34.1387 18.8793
4 -36.3738 14.1821
4 -40.1899 13.9254
1 -47.6149 18.514
4 -33.0257 19.7569
4 -41.5096 22.2912
3 -46.6209 18.6684
4 -39.1384 21.0993
3 -53.3301 19.0649
3 -41.7061 20.2523
4 -35.7259 19.6395
3 -51.8779 15.9287
2 -47.6081 19.1475
4 -35.6648 12.259
3 -37.501 19.2974
4 -47.4707 16.5793
4 -38.425 19.1906
3 -38.1766 18.3105
3 -53.3078 17.5295
4 -42.6995 20.1158
4 -36.9099 19.3527
4 -32.3642 20.4931
2 -47.7417 19.6335
2 -48.0429 18.5003
4 -36.4459 20.1799
3 -49.3091 21.5016
2 -43.7435 12.0081
3 -40.0646 16.5805
3 -51.7515 21.4753
4 -54.4222 18.0559
3 -52.3352 24.0491
4 -35.0577 21.0952
3 -33.8885 21.1988
3 -32.8623 20.9789
3 -31.8019 20.3702
3 -31.3072 21.5254
3 -34.5858 21.2035
2 -34.6883 16.1645
1 -54.5633 24.8304
1 -32.9973 20.2346
3 -52.6103 15.9223
3 -32.8204 19.9766
4 -42.4256 13.7477
2 -36.7597 12.6132
3 -36.1575 15.0294
3 -35.6403 15.4346
2 -32.5735 22.0352
1 -32.0047 20.6894
4 -52.7025 16.127
4 -37.7007 18.807
2 -44.8653 23.4976
2 -36.754 16.7942
3 -43.1099 23.5916
3 -39.78 21.2162
3 -38.0814 21.0591
2 -37.2892 21.1103
2 -35.145 15.8487
3 -38.6294 15.7866
3 -40.1088 15.1256
2 -48.3294 22.8767
2 -38.9762 18.2333
2 -33.718 20.1367
3 -38.8223 14.1715
2 -36.0934 13.5109
2 -36.497 15.684
3 -36.6103 16.501
3 -37.6731 18.233
4 -43.126 15.4074
2 -36.6942 17.3632
2 -39.4105 21.9022
4 -39.0742 20.402
2 -39.661 14.1375
1 -34.0606 17.7268
2 -35.9096 12.9672
2 -49.4972 22.8566
3 -35.5943 17.1556
3 -37.9394 16.5766
3 -36.2644 19.8879
2 -50.802 23.5888
2 -34.9333 18.2906
2 -36.4057 11.2143
3 -43.3848 18.016
2 -34.1811 19.4661
2 -40.9601 14.0339
2 -38.2036 14.1039
2 -35.6113 17.8346
3 -38.5279 14.1766
3 -41.9927 17.2568
2 -41.5839 17.7902
2 -38.639 16.3616
3 -43.077 21.4861
2 -37.5593 14.132
2 -35.1237 16.5527
3 -41.0655 16.4113
3 -31.8087 21.0904
3 -36.1207 15.9869
3 -37.4007 16.9986
1 -39.5193 15.1368
1 -39.7798 14.685
2 -43.3816 11.8755
1 -43.8228 16.3242
3 -41.7785 15.1966
2 -42.4806 15.1481
2 -39.9316 19.2637
3 -40.5869 14.2023
1 -41.8521 15.7285
2 -43.5611 14.4778
1 -42.078 17.7379
1 -41.8653 13.9036
2 -43.2946 14.76
2 -44.288 12.6873
2 -39.9384 19.7404
1 -47.2393 16.8927
2 -42.0197 16.74
2 -40.9824 15.2304
1 -35.7007 20.5785
2 -41.2104 14.6125
1 -41.5103 13.9933
1 -42.9087 14.2308
1 -38.1079 22.2033
2 -38.0944 20.67
3 -39.2926 14.2836
2 -43.4151 12.8006
2 -45.2874 16.6764
2 -43.0848 19.8497
2 -43.4833 12.0341
1 -39.9177 22.2228
2 -39.2422 22.0435
3 -45.3394 15.8402
3 -45.5083 14.9327
3 -38.4352 20.356
2 -40.301 20.2017
1 -45.9603 15.3233
2 -48.3246 18.849
2 -37.6649 20.9973
2 -36.3316 18.423
2 -34.2381 20.6251
2 -38.4693 15.12
1 -34.559 16.4651
2 -36.6338 13.7704
1 -39.5923 19.6311
1 -37.0813 14.3307
1 -39.4478 15.7267
1 -36.2752 14.5769
2 -38.0488 14.6094
2 -40.8368 20.4608
1 -30.6477 22.2445
2 -33.5921 19.7333
1 -37.8214 15.2333
1 -37.49 14.7206
1 -34.6643 19.8487
1 -34.3055 16.597
2 -46.1497 24.4186
2 -33.3128 19.5144
1 -36.2188 13.9079
2 -33.2076 19.0411
1 -35.3572 19.514
1 -35.153 21.1965
2 -51.0315 15.307
3 -53.3623 16.2481
2 -47.9804 17.7378
3 -47.5864 18.9067
2 -49.9026 21.4448
2 -41.0518 23.5406
2 -37.9355 19.9246
1 -53.6368 16.5028
2 -45.8891 21.7709
2 -53.0411 23.1679
2 -50.8757 24.507
2 -49.7239 16.6335
2 -49.8635 23.3883
2 -55.2628 19.9243
2 -54.254 17.4249
2 -37.4388 21.456
2 -47.4063 21.0755
1 -32.7137 22.1468
2 -53.0134 16.7928
1 -43.2704 24.2667
2 -53.7192 16.6858
1 -48.5642 20.288
1 -39.4022 23.753
2 -50.5805 17.7039
2 -50.9789 20.8182
1 -51.5596 19.8344
1 -46.9944 21.9589
2 -50.8936 21.4386
1 -47.0547 20.1211
2 -49.5909 23.9584
2 -54.7129 20.7536
1 -52.9158 18.0015
2 -54.8636 21.8199
2 -53.9454 21.9001
2 -45.0979 24.4729
1 -40.6346 21.6684
1 -40.7359 22.2811
1 -43.9392 23.5975
1 -44.0418 24.3764
1 -38.4 21.2343
1 -39.5286 17.687
1 -43.8251 22.6482
1 -37.2076 22.4142
1 -38.7809 22.8217
1 -34.0453 20.8238
1 -37.6137 23.159
1 -39.8379 22.7635
1 -39.2355 22.8825
1 -33.8321 20.6543
1 -52.1044 23.2385
1 -38.9152 23.2251
1 -41.9176 23.2538
1 -41.5903 24.6781
1 -50.1365 21.0766
1 -37.7581 22.7253
1 -41.3392 23.8958
1 -42.2723 23.9773
1 -50.0926 22.9695
1 -50.3604 18.0445
1 -48.5459 22.0653
1 -44.2042 18.6892
1 -54.4546 19.6497
3 -32.5499 19.8171
1 -41.1882 21.6865
1 -55.324 21.3852
1 -46.5452 15.6478
