87,18.6,61,20.4,1.5,72.3,19.7
59.9,18.1,58.2,23.7,2.3,91.7,16.5
52.1,19.8,58.8,21.4,0.6,97.9,18.7
58.7,17.6,58.3,24.1,1,87,20.1
64.1,14.7,57.2,28.1,1.4,78.4,17.7
52.9,20.8,63,16.2,1.7,96.6,10.7
68.7,20.9,63,16.1,2,94.8,12.3
42.7,14.8,61.5,23.7,11.9,91.7,13.5
40.5,12.3,54.2,33.5,1.2,96.3,20
29.5,12.1,64.1,23.8,1.9,96.1,19
99.4,19.6,66.9,13.6,9.2,41.6,35.6
72,16.5,58.7,24.8,2.1,86.9,16.6
63.5,18.2,59.7,22.1,1.6,94.9,10.4
35.4,16.2,58.3,25.5,2.8,95.2,14.9
40.8,17.8,62.5,19.7,7.9,89.8,16.3
90.9,13,60.3,26.6,3.2,45.4,30.5
68.2,20,59.8,20.1,1,82.9,23.4
59.6,21.4,59.2,19.4,1.2,91.2,21.8
53.6,12.4,54.1,33.5,0.6,96.2,12.1
41.3,13.7,57.8,28.6,1.5,97.7,17.2
87.3,14.5,59.9,25.6,3.6,72,22.4
42.4,17.9,62.1,20,9.9,93.5,17.5
48.2,15.4,57.6,26.9,0.9,94.3,19.8
96.4,13.8,58.9,27.3,3.5,64.1,25.8
92.7,14.4,58,27.7,2,70.9,22.5
55.1,10.6,57.9,31.5,1.5,84.4,21.5
75.7,18.8,61.8,19.4,1.1,85.3,15.5
64.1,19.5,62.7,17.8,2,90.2,14.7
90.7,12.5,59,28.4,2.2,51.7,29.3
42.1,12.2,54.1,33.7,1.5,83,21
99.9,13.9,69.8,16.4,8.9,13.4,48.4
36.7,11,57.9,31.1,1.5,94.3,19.2
81.1,19.2,60.8,20,1.7,68.8,18.3
43.7,13.8,61.9,24.3,6.1,95.7,23
69.9,14.7,59.8,25.5,2.4,80.1,21.3
60.6,16.8,60.5,22.7,1.6,78.8,15
54.8,9.7,57.3,33,1.1,92,19.2
93.8,16.4,64.6,19.1,3.3,47,30.9
51.7,16.3,58.7,25,2.1,94.7,13.7
60.1,18,61,20.9,1,84.1,16.7
87.4,15.3,61.9,22.8,3.2,54.9,30.1
79.6,24.1,58.1,17.9,0.5,96.4,16.1
76.7,15.5,62.4,22.1,1.7,56.4,32
56.1,14.5,59.2,26.2,1.2,84.5,22.5
60.5,14.7,58.2,27.1,1.3,77.2,21.4
72,20.1,60.6,19.3,0.6,92.8,16.6
54,10.1,56.1,33.8,1.5,85.7,21.7
97.3,12.9,60.4,26.7,3.5,57.9,28.9
65.5,12.6,64.9,22.5,1.5,88.4,30.7
40.8,18.4,60.2,21.4,2.6,88.4,12.6
39.3,12.6,57.2,30.2,2.9,94.9,17.7
70.1,17.3,58.5,24.2,1,91.6,16.3
48.6,15.8,58.6,25.6,1.1,91.6,16.6
76.8,17.8,60.9,21.3,2.1,72.5,18.9
88.4,14.4,66.4,19.2,2.6,53.4,38.8
65.2,17.7,60.7,21.6,1.2,87.7,17
56.4,21.8,64.3,13.8,7.5,88.4,11.5
57.1,14.9,59.7,25.4,1.8,89.8,19.4
58.8,11.8,54.5,33.7,1.4,85.3,21.8
51.8,11.9,59.4,28.7,1.4,86.4,19.5
46.6,11.2,57.3,31.5,1.1,89.2,21.1
46.1,16.8,56.7,26.5,0.5,87.9,19
51.1,12.6,56.8,30.5,1.8,79.9,20.5
94.4,16.2,67.3,16.5,2.9,39.4,41
36.5,15.3,58.9,25.8,1.7,95.9,12
73.8,14.3,58.9,26.8,1.2,71.8,22.3
99.9,17.6,67,15.4,3.1,54.7,29.8
94.6,19.3,62.1,18.6,2.2,68.4,16
44.9,13,55.9,31,1.5,86.7,21.7
87.6,16.3,63.7,20,2.2,53.3,31.3
75.5,19.2,59.1,21.7,1.6,92.5,14.9
84.5,20.3,61.3,18.3,1.3,69.1,16.7
50.3,12,55.2,32.8,0.9,84.5,19.5
71.9,15.1,62.1,22.8,2,75,27.7
36.8,14.4,54.1,31.5,0.8,92.6,17.7
72.3,19.2,60.4,20.4,1.5,88.6,18.6
39,10.9,58.8,30.3,1.2,98.1,15.3
85.2,17,60.9,22.1,4.2,68.8,22.5
50.9,14.5,56.6,28.8,0.8,92.5,18
34,12.3,58.5,29.2,1.8,94.6,19.4
99.5,10.4,57.5,32.1,5.1,70.1,20.1
67.4,15.9,61.6,22.6,1.8,91.8,20.8
64.9,16.7,58.5,24.9,2.2,91.2,19.1
100,18.2,60.8,21,4.2,51.2,30.2
64.5,18.8,60.2,20.9,1.7,95.4,19.5
48.9,12.1,58.2,29.7,0.9,90.2,22.1
99.4,14.8,62,23.2,3.4,52.1,34.6
69.6,10.2,56.7,33.2,0.9,68.8,24.9
89.3,18.2,61.4,20.4,0.7,86.4,18.2
52.1,13.2,56.3,30.5,3.1,80.6,19.9
96,25,61.8,13.2,0.7,81.9,18.5
99.8,16.8,66.3,16.8,6.1,37.8,34.4
72.2,14,57,29,1.2,66.5,23.9
34.6,13.8,58.6,27.5,1.1,96.6,17.6
50,16.7,56.7,26.6,1.1,96.6,17.5
88,22,64.2,13.8,4.7,71.2,22.2
54.8,12.5,58.5,29,2.5,76.2,22.3
56.7,15.8,65,19.2,2.2,84.4,28.7
49.8,15,58.6,26.3,0.8,80.9,25.4
51.8,13.6,53.5,33,0.6,88.8,16.8
59.6,13.9,58.8,27.3,2.2,86.1,17.1
87.4,18.9,61.3,19.7,2.1,67.5,27.1
48.8,13.6,62,24.4,1.8,92,20.5
39.4,13.6,56.3,30.1,0.7,91.9,20.1
70.2,22.6,63.4,14,1.6,94.3,16.1
65.4,13.9,59.5,26.6,9,94.5,16
51.4,14.8,56.1,29.1,3.7,89.4,14.5
98.2,14.3,61.9,23.9,6.2,44,33.5
85.7,14.2,61.6,24.2,2.8,62.1,26.7
69.2,11.6,57.2,31.2,3.2,89.3,17.3
54.2,18,58.8,23.2,2.6,93.8,12.8
63.1,12.3,58.1,29.6,1.2,78.3,23
55.6,9.5,50.2,40.3,1.1,80.7,20.4
86.7,15.2,66.1,18.7,2.3,41.5,38.6
40.3,15.7,55.7,28.6,1.3,94.9,17.2
69.1,15.5,59.6,24.9,1.7,88.3,18.5
38.7,8.5,56.4,35.1,2.1,91.5,21.6
63.8,15.6,61.8,22.6,1,75.4,23.7
59.1,15.5,55.7,28.8,0.5,95.9,20.9
67.1,15.5,61.4,23.1,2.1,88.3,18.2
44.7,19.4,56.3,24.3,0.6,97.3,21.1
49.9,13.5,60.2,26.3,1.4,92.3,11.1
99.6,14.4,63.7,21.9,4,28.6,40.2
82,20.3,59.6,20,0.7,88.8,16.1
69,17.4,59.8,22.8,3.4,75,20
28.5,14.4,59,26.6,4.1,95.2,20.4
54.3,16.1,60,24,1.5,89.7,21.4
51.8,12.9,56.6,30.4,3.3,89,16
89.6,14.7,64.1,21.2,4.3,47.2,34.1
75.4,19.1,59.5,21.4,2.1,81.5,19.4
71.3,22.6,60.1,17.3,0.9,87.5,18.2
53.4,18.5,59.1,22.4,1.1,97.7,13.8
28.7,19.5,64.1,16.5,7.3,95.7,9.3
88.5,23.8,61.6,14.6,1.3,74.5,18
57.5,14.4,59.3,26.3,1.1,83.6,18.7
35.6,14.9,58.8,26.3,1.7,97.4,20.5
69.7,11.4,57.7,30.9,4,70.3,24.5
82,21.1,61.8,17.1,1.3,82.7,11.1
79.3,34.8,56.5,8.7,0.4,95,11.9
55.8,19,62.1,18.9,1.2,90.6,19.5
82,17.7,62.3,20,2.9,65,24.7
66.3,14.6,58.6,26.8,2.1,74.4,20.3
54.6,19.5,59.2,21.2,1.4,89,13.3
73.8,15,60.2,24.9,2.8,73.5,24.9
61.1,29.2,55.9,14.9,0.6,97.6,17.6
79.7,29.1,57.1,13.8,2,95.7,11.1
60.5,13.5,57.2,29.3,1.9,86.7,21.2
63.9,19,57.6,23.4,1.2,96,9.8
70.7,15.1,58.7,26.2,4.8,94.1,15.4
99.6,13.9,65,21.1,12.2,43.4,46.1
43.4,16,58.8,25.2,1.5,93.9,13.7
79.4,22.1,62.4,15.6,1,93.5,7.9
39.4,22.6,57,20.4,0.3,98.6,19.6
57.9,14.3,54.7,31,0.8,85,20.6
29.1,12,56.2,31.7,3.7,96.7,19.9
79.5,14.6,62.3,23.1,1.9,56.4,31
78.3,25.7,59,15.3,0.6,91.7,18
46.9,15,54.1,30.9,0.8,93.7,18.4
49.8,15.5,61.6,22.9,4.3,92.1,17.6
78.5,20.1,60.3,19.6,2,88.8,10.8
87.4,22.4,62.4,15.2,0.8,77.9,20.4
65.2,15.7,61.1,23.2,1.3,88.6,13.3
45.6,16.1,59.1,24.8,2.1,95.5,15.2
71.5,21.4,62.6,16.1,1.6,80.2,17
81.1,13,57.3,29.7,1.5,65.4,24.1
63.3,12.9,56.3,30.8,2.1,80,23
84.8,16.2,62.2,21.6,1.4,60.1,23.1
74.6,16.4,58.5,25.1,0.6,86.2,14.6
82.1,18.3,61.7,20,2.1,68.7,22
64.8,23.9,57.2,18.9,0.6,91.5,18.9
91.3,19.9,62,18.2,1.5,60.6,21.9
66.7,21.3,62.3,16.3,1.2,91.1,9.8
65.1,12.5,57.3,30.2,1,73.6,24.8
86.7,22.3,63.6,14.2,2.5,76.3,18.3
55.9,14,58.3,27.7,9.6,84.3,16.7
66.2,17.6,60.5,21.9,1.5,77.1,19.2
49.4,19.9,57,23.1,5.3,93.1,16.4
70.8,15.7,57.9,26.4,1.2,76.5,19.5
71.5,19.7,58,22.4,0.7,85.6,21.3
96.3,19.3,66.7,14,2.5,47.7,38.6
68,14.2,59.2,26.6,2.5,74.5,27
50,11.3,54.1,34.7,1.1,83.5,21.7
77.4,19.2,61.6,19.2,1.1,72.2,18.7
59.2,13.7,58.1,28.2,0.7,92.8,24.7
67.5,16.6,59.6,23.8,2.2,78.3,16.6
45.1,10,55.8,34.2,1.3,85.1,20.3
66.6,14.6,57.6,27.8,1.6,78.5,21.4
72,23.8,59.5,16.7,2.2,93.7,11.7
38.3,7.9,60.8,31.3,0.8,94.8,26.1
53.1,9.4,56.7,33.9,1.2,89.2,16.8
38.4,25.9,54.3,19.9,0.8,96.8,17.7
41.3,12.6,55.1,32.3,1.4,94.4,20.1
54.4,20.4,58,21.6,0.9,89.9,20.6
75.3,12.6,60.1,27.3,1.5,63.2,29.5
41.7,14.3,54.1,31.6,1.4,83.5,18.9
98.3,16.1,60.1,23.8,6.3,57.9,25
45.9,16.5,56.5,27,0.7,93.4,21.9
97.5,21.4,62.8,15.8,1.9,60.4,18.5
30.9,13.5,60.3,26.2,0.7,93.4,18.5
60.9,15.3,57.5,27.3,0.8,93.5,16.1
93.3,14.7,62,23.3,2,56.2,30.5
66,23.9,63,13.2,1.3,94.8,7.5
83.7,17.7,63.8,18.4,4.1,58.8,27.7
39.9,10.8,57.1,32,0.8,89.8,18.9
49.5,16.3,57.3,26.4,1.7,87.7,23.3
39.5,17.7,60.3,22,1.4,96.5,13.4
41.8,13.3,56.8,29.9,2.7,91.2,18.4
56.5,10.1,57.5,32.4,1.6,90.4,23.6
50.6,8.8,55.5,35.7,1.3,84.3,19.3
73,16.5,60.2,23.3,2,93.7,10.5
70.7,18.6,56.6,24.8,0.6,96.8,16.8
54.1,14.5,56.2,29.3,0.7,83,21.6
54.2,20.9,60.1,19,0.3,98,24.5
42.2,16,59.7,24.3,0.8,97.3,6.4
55.6,15.6,58.3,26.1,1.7,88.5,16.2
50.8,18.6,59,22.4,2.3,92.5,13.1
86.7,19.5,60.3,20.2,1.7,74.1,25.5
78,15.4,60.6,24,3.5,63.8,25.8
99.3,16,63.8,20.2,4.2,52.7,22
39.4,13,56.9,30.1,1.5,82.4,21.2
48.9,19.2,58.1,22.7,0.5,95,23.6
92.2,14.9,62.3,22.8,3.1,57.2,27.5
47.9,13.6,55.4,31,1.2,89.6,21.8
44.4,11.3,54,34.7,0.3,91.1,23.7
55.4,10.5,56.5,33,1.5,83.8,19.3
41.7,19.7,57.5,22.8,0.4,98.2,20.6
97.3,16.8,64.3,18.9,3.2,45.2,31.6
43.7,10.2,56.2,33.5,1.1,94.3,22.1
89.3,16.9,65.9,17.2,2.4,52.3,35.9
60.5,13.7,56.3,30.1,1.3,86.2,15.6
50.3,12.3,54.9,32.8,0.9,79.5,21.4
75.7,19.9,64,16.1,1,94.6,5.9
27.6,11.3,56.8,31.8,2.2,97.2,20.3
57.3,14.7,58.3,27,1.1,80.6,22.8
45.8,9.5,57.2,33.3,1,87.4,22.6
74.8,16.2,60.9,22.9,4,71.7,23.3
49.3,17.3,61.2,21.5,6.2,96.4,15.5
68.2,15.7,59.1,25.3,2,76.3,19.2
42,16.5,61.8,21.7,1.6,96.8,11.4
52.5,11.7,53.7,34.6,0.7,89.5,16.1
77.1,13.1,60.1,26.8,2.3,59.2,29.6
40.8,11.4,59.8,28.7,0.5,96.4,21.5
90.3,18.1,64.3,17.6,1.7,67.2,31.4
53.3,27,56.2,16.9,1.4,97.1,18.8
29.6,12.7,55.7,31.6,0.8,96.9,16.8
47.3,22.8,58.5,18.7,1.3,97.8,15.8
48.2,15.8,57.4,26.8,0.6,97,19.9
81.5,20.7,62.4,17,0.9,79.7,17.6
52.4,16.7,57.4,25.9,0.7,97.7,13.6
82,20.2,63.3,16.5,2.6,80.4,13.2
47.9,20.6,63.9,15.5,3.5,90.1,10.9
60.9,13.4,62.8,23.7,1.3,85.1,29.7
47.4,16.6,56.5,26.8,0.7,96.1,18.6
56.4,14.6,56.8,28.6,2.4,86.3,15.8
42.5,13.6,58.3,28.1,1.3,88.9,23.8
59.2,16.1,61.1,22.8,1.5,79.5,21.7
42.8,10.5,55.2,34.3,1.8,94.2,20.1
61.6,11.2,58.8,29.9,1.3,80,23.4
72,14.2,58.1,27.6,1.8,66.5,27.1
51.6,10.4,53.6,36,1.3,83.2,20.1
85.4,14.6,58.3,27.1,1.8,82.4,19.3
58,17.7,61.4,20.9,2.3,95.1,10.7
46.2,15.9,59.8,24.3,0.8,82.9,23.4
38.6,13.6,56,30.5,4,90.3,13.6
44.7,16.7,60.3,23,0.7,88.7,13.1
98.5,13.7,68.3,18,4.2,25.5,44.9
33.6,9.6,59.4,31,1,91.5,19.3
40.2,15.1,56.7,28.2,0.9,94.9,22.5
64.8,15.1,55.4,29.5,1,95.6,13.8
33.3,13.5,58.9,27.6,2.9,89.7,20.2
49.7,19.8,56.4,23.8,1.3,96.3,14.8
39.4,19.8,55.9,24.3,0.7,96.7,14.9
87.7,18.3,62.6,19.1,2.5,66.8,28.2
99,12.9,67.3,19.8,6,26.1,45.3
39.4,12.1,57.6,30.3,1.2,89.1,16.9
94.1,20.6,64.4,15,2.4,71.3,19.1
70.8,32.8,55.7,11.5,0.3,97.7,11.2
84.9,17.6,59.4,22.9,0.9,84.4,14.8
47.3,13.5,57.8,28.7,2,87.2,20.7
46.8,17,57.7,25.3,1,93.4,17.3
26.7,15.1,58.3,26.6,3.4,91.8,26.4
41.8,25.3,57.4,17.3,0.9,95.2,14.7
58.6,17.6,59.4,23,5.8,80.8,19.6
75.8,13.9,60.4,25.7,1.4,63.7,25.1
42.1,12.9,56.1,30.9,0.9,90.9,22
98.3,16.2,65.5,18.4,5.9,37.6,38.8
87.5,16.5,59.7,23.7,2.4,53.1,24.5
45.9,12.6,56.4,31,0.7,88.7,18.1
99.7,18.1,67.4,14.5,9.4,38.1,36.2
91.7,13.3,61.2,25.5,2.3,57.7,30.3
46.3,14.3,59.1,26.6,1.2,89.8,14.2
38.3,11.2,53.7,35.2,1.2,93.5,21.4
55,23.3,60.1,16.6,1,97.4,7.7
48.4,16,59,24.9,1.3,96.4,16.3
36.7,15.7,60.4,24,1.8,93.8,20.7
74.4,20.2,64.2,15.6,3.2,76.9,19.2
56.4,12.1,57.4,30.4,0.8,76.1,23.2
68.4,16.3,59.3,24.4,0.4,94.3,15.8
46.1,14.1,59.1,26.8,5,95.4,18.7
51.1,13.1,55.2,31.7,1.7,73,23.8
51.1,16.7,59,24.3,4.8,91.2,16.4
46.6,11.1,56.6,32.3,1,92.8,17.8
85.6,21.6,61.7,16.7,0.9,73.4,26.6
87.5,22.4,61.7,15.9,1.2,81.9,15
39.3,14.3,62.6,23.1,1.1,91.4,16.9
61.8,14.6,58,27.3,0.9,87.2,20.6
75.8,17.2,59.7,23.1,1.1,65.4,26.2
95.1,16.9,67,16.1,7.3,36.1,37.7
84.6,15.5,63.4,21.1,3.8,53.7,29.9
82.8,15.1,60.8,24.1,2.1,68.3,24.8
81.7,16.3,61.9,21.8,2.6,61.3,25.9
87.5,16.4,63.8,19.8,2.7,49.6,31.7
87.6,15.2,61.7,23.1,2.9,47.8,31.6
86.7,14.3,61.2,24.4,3.9,60.3,27.5
83.2,14,61.7,24.3,3.5,58.8,29.1
70.1,13.4,59.8,26.8,1.9,65.9,27.6
75.4,15.2,62.7,22.1,1.8,59.6,30.8
71.5,14.7,62.6,22.8,2.3,69.3,29.6
79.3,16.5,62.7,20.8,1.9,59,31.5
71.5,17.2,60.6,22.2,1.6,82.6,22.6
83,17.4,61.5,21.1,4.7,64.7,25.6
77.5,19,60.4,20.6,1.9,75.5,24.3
83.1,20.5,62.7,16.8,1.7,66.4,29.8
72.3,14.5,61.1,24.4,1.7,69.1,26.7
77,15.4,62.7,21.9,2.1,68.2,29.6
60.8,16.2,63.4,20.4,9.8,71,28.3
96.6,16.9,67.4,15.7,7.6,33.6,38.7
77.1,15.4,60.2,24.4,3.4,66.7,24.2
78.3,17.9,63.5,18.6,3.7,64.2,25.4
66.9,14.9,60,25.1,3,76.7,24.2
62.7,15.5,58.6,25.9,2.4,79.1,17.7
72.1,15.9,60.3,23.7,3.7,73.8,22.2
93.1,15.3,65.2,19.5,4.3,43.2,34.4
66.4,14.9,59.7,25.4,2.1,72.9,21
59.7,16.6,59,24.4,2.3,83.6,16.9
83.6,15.4,61,23.5,2.6,68.8,22.9
86,15.1,60.7,24.2,1.8,66.1,25.8
57.6,14.5,60.8,24.8,2.2,82.9,23.9
84.3,16.1,61.7,22.2,2.8,60.7,26.9
83.3,17.8,63.1,19.1,2.6,60.2,25.7
72.3,14.8,60.6,24.6,2.1,64.2,23.6
59.7,14.5,58,27.5,1.4,80.1,20.9
82.7,17,60,23,2,64.5,22.2
92.3,16.7,65.3,18,3,43.3,34.6
65.3,15.4,58.8,25.8,2,78,19.1
63.7,13.2,56.2,30.6,1.4,72,23.1
83.5,14.3,61.4,24.3,2.7,63.7,26.4
90.2,14.4,61,24.6,5.2,56.6,28.8
83.5,14.8,62.9,22.2,3.8,54.8,31
82.4,12.4,58.9,28.6,2.8,66.9,25.4
72.6,13.9,60.7,25.4,1.8,63.8,28.4
68.2,12.8,58.9,28.3,2.1,65.9,27.5
67.1,13,59.3,27.7,1.6,70.8,26
59,15.1,60,24.8,1.4,74.6,26.2
85.9,16.1,65.5,18.4,2,46.9,35.6
46.3,12.2,57.4,30.5,1.2,87.7,20.1
81,13.6,60.6,25.8,1.9,65.4,26.8
57,13.1,57,29.9,1.5,78.7,24.1
76.4,15.5,64.1,20.4,2.2,66.5,31.9
45.5,12.6,58.4,29,2.6,82.5,21.5
65.6,11.9,57.4,30.7,2.6,73.3,23.9
87.5,17.5,65.4,17.1,2.4,49.7,36.2
50.7,11.7,53.8,34.5,1.3,86.8,20.6
68.5,14.1,56.6,29.3,1.2,70.3,23.2
72,13.8,58,28.2,1.2,72.7,22.1
71.2,16.8,59.3,24,1,68.7,25.5
53.2,14.5,57,28.5,0.9,85.2,21.3
62.4,15.1,59.5,25.4,1.7,93.4,18.5
78.4,17.8,61.7,20.5,1.7,78,24.8
56.4,16.4,57.8,25.8,1,88.4,19.8
55.6,16.7,57.9,25.4,2,92.6,16.3
77.5,19.2,59.2,21.6,0.8,89.9,16.2
89.1,16.8,63.6,19.6,5.1,53.5,31.1
64.3,12.8,57.8,29.4,6.7,85.2,17.2
78.7,19.6,59.4,21,4.4,75.9,19
50,19.1,57.8,23,1.3,96.3,17.4
85.8,19,61.2,19.8,2,69.7,26.2
93.7,21,65.2,13.8,2.1,54.1,35.1
63,20,57.7,22.3,1,92.3,19.3
78.8,19.9,59.6,20.4,1.5,79.8,23.3
54.5,19.1,58.6,22.3,0.9,94.4,21.3
59.6,20.3,57.7,22,0.7,88.7,21
73.3,21.1,59.4,19.5,1.1,85.4,20.9
60.1,15.6,61.4,23,1,76.9,23.6
60.8,11.3,58.2,30.4,1.3,81.9,22.8
76.9,15.8,62.2,22,1.9,63.7,28.4
86.8,17.1,65.4,17.5,2.3,54.6,35.2
87.7,16.7,61.6,21.7,2.4,66.5,28.4
49.6,10.3,56.6,33.1,1.1,91.1,17.3
54.7,10.1,57.3,32.6,0.9,80,23.1
49.9,14.7,63.5,21.8,2.4,89.2,23.5
60.2,13.2,63.4,23.4,1.5,86.9,29.8
40,18.7,62.8,18.5,8,92.2,13.8
